ts_code,trade_date,open,high,low,close,vol,amount,bar_quality
110043.SH,20230407,111.7,112.16,111.46,111.97,70475.0,7877.5168,ohlc
110044.SH,20230407,215.1,217.9,213.4,214.76,60284.0,12959.9464,ohlc
110045.SH,20230407,121.8,121.8,120.6,121.0,18487.0,2237.1845,ohlc
110047.SH,20230407,119.6,120.0,119.34,119.86,6829.0,817.5713,ohlc
110048.SH,20230407,186.63,189.0,185.58,187.62,22203.0,4167.8221,ohlc
110052.SH,20230407,163.6,165.3,162.11,163.34,186278.0,30508.4055,ohlc
110053.SH,20230407,122.97,123.4,122.92,123.35,204504.0,25196.5887,ohlc
110055.SH,20230407,207.4,210.76,206.5,207.45,40321.0,8413.6217,ohlc
110057.SH,20230407,131.12,132.0,130.45,131.29,123760.0,16231.0052,ohlc
110058.SH,20230407,128.0,131.9,127.21,130.47,235560.0,30602.5609,ohlc
110059.SH,20230407,106.21,106.4,106.21,106.39,242012.0,25726.0631,ohlc
110060.SH,20230407,121.2,122.97,120.6,122.42,49662.0,6057.1991,ohlc
110061.SH,20230407,153.31,154.25,153.26,153.99,30265.0,4653.0666,ohlc
110062.SH,20230407,123.42,124.72,121.8,123.05,189469.0,23272.7538,ohlc
110063.SH,20230407,119.7,120.26,119.51,119.92,7161.0,858.5341,ohlc
110064.SH,20230407,114.75,115.72,114.72,115.38,9097.0,1049.634,ohlc
110067.SH,20230407,111.02,112.2,111.02,111.92,28138.0,3145.5642,ohlc
110068.SH,20230407,179.03,185.21,178.0,184.24,99507.0,18152.2858,ohlc
110070.SH,20230407,119.89,120.36,119.52,120.09,7244.0,869.625,ohlc
110072.SH,20230407,95.5,95.65,95.46,95.62,16355.0,1563.1842,ohlc
110073.SH,20230407,104.52,104.82,104.44,104.79,53822.0,5631.696,ohlc
110074.SH,20230407,133.89,135.22,133.62,134.9,14325.0,1927.9242,ohlc
110075.SH,20230407,135.47,136.38,134.85,135.71,209654.0,28422.834,ohlc
110076.SH,20230407,111.75,112.65,111.66,112.57,26188.0,2944.634,ohlc
110077.SH,20230407,126.52,126.99,126.42,126.63,10842.0,1374.0389,ohlc
110079.SH,20230407,114.69,116.0,114.54,115.65,82691.0,9519.4866,ohlc
110080.SH,20230407,117.41,118.33,117.21,118.32,25858.0,3049.0431,ohlc
110081.SH,20230407,115.5,115.9,113.4,114.03,187260.0,21361.4777,ohlc
110082.SH,20230407,111.95,112.65,111.89,112.5,10715.0,1204.9003,ohlc
110083.SH,20230407,128.39,128.9,127.51,127.76,30033.0,3841.4252,ohlc
110084.SH,20230407,123.99,124.38,123.68,124.3,16076.0,1996.2507,ohlc
110085.SH,20230407,124.94,125.43,124.73,124.93,44981.0,5623.4418,ohlc
110086.SH,20230407,115.72,116.3,115.6,115.86,9554.0,1107.549,ohlc
110087.SH,20230407,112.38,112.51,112.23,112.48,49532.0,5568.2502,ohlc
110088.SH,20230407,117.3,117.78,117.24,117.37,217183.0,25508.7505,ohlc
110089.SH,20230407,116.6,117.36,116.56,116.83,15062.0,1763.1494,ohlc
110090.SH,20230407,141.41,144.02,141.11,143.91,24472.0,3489.1127,ohlc
110091.SH,20230407,153.71,159.35,153.11,157.18,148656.0,23239.1786,ohlc
110092.SH,20230407,120.04,120.5,119.78,119.89,17518.0,2102.5319,ohlc
111000.SH,20230407,141.3,146.05,141.1,141.76,68079.0,9723.228,ohlc
111001.SH,20230407,115.59,116.46,115.49,116.41,2470.0,286.704,ohlc
111002.SH,20230407,128.89,130.08,128.89,129.85,23887.0,3097.8871,ohlc
111003.SH,20230407,127.3,127.53,126.88,127.21,8580.0,1090.7176,ohlc
111004.SH,20230407,128.02,131.28,128.02,131.21,41201.0,5359.9759,ohlc
111005.SH,20230407,130.17,131.04,129.0,129.68,10969.0,1427.3876,ohlc
111006.SH,20230407,116.72,118.28,116.7,117.14,85250.0,10008.4178,ohlc
111007.SH,20230407,170.01,176.38,169.0,175.69,107318.0,18733.1213,ohlc
111008.SH,20230407,129.41,130.4,129.41,129.91,4825.0,627.3878,ohlc
111009.SH,20230407,122.13,123.01,121.59,122.52,4922.0,603.1418,ohlc
111010.SH,20230407,142.75,144.97,140.6,144.16,196516.0,27960.9436,ohlc
111011.SH,20230407,132.44,132.88,131.15,131.77,5805.0,766.8679,ohlc
111012.SH,20230407,128.08,128.6,127.69,128.24,4492.0,576.435,ohlc
113013.SH,20230407,104.74,104.83,104.67,104.8,158022.0,16557.8342,ohlc
113016.SH,20230407,293.5,296.3,292.4,293.39,64631.0,19014.7286,ohlc
113017.SH,20230407,116.1,116.65,115.31,116.35,38113.0,4425.6756,ohlc
113021.SH,20230407,110.79,110.95,110.47,110.75,70028.0,7763.7025,ohlc
113024.SH,20230407,119.3,119.85,119.0,119.64,9800.0,1170.4045,ohlc
113025.SH,20230407,237.25,239.5,236.1,237.35,29836.0,7089.9515,ohlc
113027.SH,20230407,167.85,168.07,166.23,166.57,34721.0,5795.3406,ohlc
113030.SH,20230407,122.6,122.69,122.2,122.36,7376.0,902.8242,ohlc
113033.SH,20230407,106.3,106.5,106.19,106.46,8798.0,935.8598,ohlc
113037.SH,20230407,102.96,103.05,102.88,102.97,9212.0,948.6811,ohlc
113039.SH,20230407,154.35,157.09,152.5,156.66,22216.0,3443.4676,ohlc
113042.SH,20230407,105.8,105.93,105.78,105.85,70921.0,7507.2997,ohlc
113043.SH,20230407,105.7,106.27,105.52,106.25,24349.0,2578.8678,ohlc
113044.SH,20230407,113.29,113.62,112.69,113.05,178262.0,20137.4967,ohlc
113045.SH,20230407,125.48,125.48,123.51,124.42,50922.0,6328.6548,ohlc
113046.SH,20230407,107.0,107.3,106.87,107.12,5550.0,594.7486,ohlc
113047.SH,20230407,127.64,128.2,126.0,127.66,15053.0,1919.34,ohlc
113048.SH,20230407,123.01,123.2,122.27,122.86,9615.0,1179.6845,ohlc
113049.SH,20230407,116.0,117.55,116.0,117.32,43654.0,5109.1618,ohlc
113050.SH,20230407,115.34,115.72,115.13,115.5,61977.0,7160.1121,ohlc
113051.SH,20230407,129.31,130.0,128.87,129.41,6083.0,787.5687,ohlc
113052.SH,20230407,101.15,101.48,101.1,101.45,160547.0,16264.4213,ohlc
113053.SH,20230407,115.6,116.25,115.39,116.0,16765.0,1945.5354,ohlc
113054.SH,20230407,108.62,109.1,108.39,108.9,11817.0,1286.1963,ohlc
113055.SH,20230407,119.6,120.27,119.54,119.79,26461.0,3172.5842,ohlc
113056.SH,20230407,97.47,97.55,97.43,97.53,137582.0,13414.6436,ohlc
113057.SH,20230407,123.54,124.72,123.27,124.45,114208.0,14200.9667,ohlc
113058.SH,20230407,116.48,116.88,116.42,116.64,7605.0,886.561,ohlc
113059.SH,20230407,120.1,121.0,119.56,120.12,27420.0,3298.2456,ohlc
113060.SH,20230407,123.25,123.83,122.85,123.82,116599.0,14390.3533,ohlc
113061.SH,20230407,128.66,130.3,128.5,129.2,12661.0,1636.645,ohlc
113062.SH,20230407,114.7,115.68,114.5,115.6,42463.0,4888.6601,ohlc
113063.SH,20230407,139.34,143.0,139.34,141.65,34731.0,4919.8996,ohlc
113064.SH,20230407,140.0,142.36,138.21,139.71,52667.0,7343.6479,ohlc
113065.SH,20230407,98.51,98.63,98.47,98.61,38321.0,3777.724,ohlc
113504.SH,20230407,136.05,136.55,135.54,136.32,21805.0,2966.7323,ohlc
113505.SH,20230407,112.64,113.03,112.46,112.84,6725.0,758.0373,ohlc
113516.SH,20230407,112.24,112.6,111.95,112.19,14418.0,1617.7544,ohlc
113519.SH,20230407,119.46,119.65,119.2,119.44,9276.0,1108.1503,ohlc
113524.SH,20230407,119.43,119.77,119.12,119.39,13292.0,1587.3168,ohlc
113526.SH,20230407,130.74,131.6,130.74,131.49,6399.0,840.1063,ohlc
113527.SH,20230407,125.05,125.65,124.7,125.0,19227.0,2405.5713,ohlc
113530.SH,20230407,127.3,128.8,127.17,128.29,32515.0,4159.4968,ohlc
113532.SH,20230407,111.68,112.15,111.53,112.06,3466.0,388.2703,ohlc
113534.SH,20230407,276.91,281.5,275.88,278.66,66206.0,18425.4388,ohlc
113535.SH,20230407,113.22,113.71,113.15,113.57,6715.0,762.1908,ohlc
113537.SH,20230407,291.38,294.42,288.1,288.32,48489.0,14108.8785,ohlc
113542.SH,20230407,113.93,115.21,113.93,115.0,9579.0,1100.2724,ohlc
113545.SH,20230407,124.73,125.88,124.63,125.79,3398.0,425.4122,ohlc
113546.SH,20230407,124.81,125.35,124.4,125.26,6244.0,780.4166,ohlc
113549.SH,20230407,118.26,118.73,117.9,118.5,10182.0,1204.6461,ohlc
113561.SH,20230407,125.94,126.39,125.76,126.19,2361.0,297.884,ohlc
113563.SH,20230407,129.14,130.66,128.6,130.24,23056.0,2992.8436,ohlc
113565.SH,20230407,120.98,121.3,120.53,121.3,4384.0,530.7527,ohlc
113566.SH,20230407,124.55,125.16,124.3,125.12,4706.0,586.9065,ohlc
113569.SH,20230407,111.49,113.36,111.2,113.24,61498.0,6927.4853,ohlc
113573.SH,20230407,120.4,120.88,120.2,120.76,3423.0,412.5121,ohlc
113574.SH,20230407,117.12,117.34,116.82,117.33,2201.0,257.9881,ohlc
113575.SH,20230407,143.74,146.0,143.58,145.5,18985.0,2754.2631,ohlc
113576.SH,20230407,107.37,107.93,107.35,107.81,6409.0,689.5993,ohlc
113577.SH,20230407,127.1,127.79,126.93,127.65,3462.0,441.5002,ohlc
113578.SH,20230407,93.61,93.88,93.45,93.83,7834.0,733.5951,ohlc
113579.SH,20230407,116.89,118.7,116.75,118.62,13308.0,1566.2815,ohlc
113582.SH,20230407,200.3,201.4,196.98,197.25,42897.0,8522.3933,ohlc
113584.SH,20230407,105.45,105.63,105.11,105.22,4658.0,491.1083,ohlc
113585.SH,20230407,245.93,252.99,245.02,252.66,93090.0,23263.3715,ohlc
113588.SH,20230407,134.97,141.76,134.12,139.63,94597.0,13036.1645,ohlc
113589.SH,20230407,98.98,99.27,98.86,98.98,3072.0,304.1983,ohlc
113591.SH,20230407,128.4,130.1,128.0,129.61,35072.0,4534.3058,ohlc
113593.SH,20230407,114.61,114.96,114.61,114.89,4953.0,568.7057,ohlc
113594.SH,20230407,139.39,140.45,137.57,139.2,38118.0,5304.6078,ohlc
113595.SH,20230407,131.3,131.51,129.61,129.92,128593.0,16730.6044,ohlc
113596.SH,20230407,98.1,98.19,98.0,98.16,15957.0,1565.6405,ohlc
113597.SH,20230407,138.47,138.47,137.0,138.02,88962.0,12247.8269,ohlc
113598.SH,20230407,174.31,179.9,174.0,174.8,77617.0,13684.4661,ohlc
113600.SH,20230407,119.85,120.03,119.55,120.0,7277.0,872.5751,ohlc
113601.SH,20230407,109.6,110.6,109.49,110.5,21446.0,2366.4857,ohlc
113602.SH,20230407,128.0,128.4,126.44,127.55,31297.0,3985.547,ohlc
113604.SH,20230407,115.96,117.0,115.21,116.86,27597.0,3210.6809,ohlc
113605.SH,20230407,113.83,114.45,113.77,113.77,12622.0,1440.8538,ohlc
113606.SH,20230407,114.11,114.77,113.89,114.12,5975.0,684.6185,ohlc
113608.SH,20230407,109.5,110.27,109.36,110.15,5534.0,608.7109,ohlc
113609.SH,20230407,124.84,125.73,124.43,124.96,23554.0,2944.2634,ohlc
113610.SH,20230407,111.11,111.9,111.02,111.65,3764.0,419.5742,ohlc
113615.SH,20230407,273.99,278.18,272.25,273.46,39568.0,10858.0035,ohlc
113616.SH,20230407,116.8,117.1,115.73,116.03,115750.0,13465.0272,ohlc
113618.SH,20230407,123.2,125.78,123.03,125.69,58454.0,7291.5377,ohlc
113619.SH,20230407,127.86,128.0,125.97,126.87,31654.0,4003.4251,ohlc
113621.SH,20230407,162.06,163.04,158.6,161.74,149949.0,24106.4878,ohlc
113623.SH,20230407,113.85,114.37,113.49,114.04,13617.0,1551.8704,ohlc
113624.SH,20230407,109.13,109.48,109.07,109.39,2325.0,254.1829,ohlc
113625.SH,20230407,121.87,128.75,121.87,125.59,186881.0,23632.3334,ohlc
113626.SH,20230407,208.8,210.9,207.51,209.19,27135.0,5681.0019,ohlc
113627.SH,20230407,110.27,110.27,109.85,109.97,4102.0,451.0234,ohlc
113628.SH,20230407,117.45,120.18,117.45,119.99,34965.0,4172.6506,ohlc
113629.SH,20230407,120.1,120.54,119.9,120.51,12705.0,1527.1446,ohlc
113631.SH,20230407,119.9,120.18,119.9,120.06,11056.0,1327.1969,ohlc
113632.SH,20230407,125.6,127.04,125.46,126.61,31953.0,4040.3698,ohlc
113633.SH,20230407,110.6,111.32,110.6,111.3,4521.0,502.2443,ohlc
113634.SH,20230407,146.71,149.25,146.62,148.73,13559.0,2012.3401,ohlc
113636.SH,20230407,120.08,120.87,119.94,120.6,11189.0,1347.9775,ohlc
113637.SH,20230407,116.85,117.52,116.68,117.41,10749.0,1260.6682,ohlc
113638.SH,20230407,116.27,118.16,116.02,117.11,49407.0,5793.0421,ohlc
113639.SH,20230407,127.6,127.8,125.5,127.23,62031.0,7870.644,ohlc
113640.SH,20230407,116.48,117.59,116.07,117.44,10673.0,1248.6353,ohlc
113641.SH,20230407,114.5,115.3,114.25,114.81,22771.0,2617.0361,ohlc
113643.SH,20230407,135.25,137.14,134.01,135.68,66989.0,9092.0302,ohlc
113644.SH,20230407,116.5,117.45,116.5,117.22,6753.0,790.8127,ohlc
113646.SH,20230407,145.5,147.7,145.5,146.18,92890.0,13604.7886,ohlc
113647.SH,20230407,134.2,134.5,133.22,133.64,66426.0,8885.7444,ohlc
113648.SH,20230407,142.76,144.2,140.7,141.09,285245.0,40621.4562,ohlc
113649.SH,20230407,131.17,131.45,130.84,131.26,13240.0,1736.9608,ohlc
113650.SH,20230407,115.31,116.25,115.23,116.1,7044.0,815.6333,ohlc
113651.SH,20230407,126.08,127.15,125.7,126.9,42454.0,5378.0482,ohlc
113652.SH,20230407,109.2,109.26,109.02,109.19,15662.0,1710.4399,ohlc
113653.SH,20230407,123.87,124.41,123.65,123.9,13366.0,1659.3852,ohlc
113654.SH,20230407,134.5,136.33,134.0,136.28,13128.0,1776.8427,ohlc
113655.SH,20230407,130.0,132.75,129.7,132.61,64128.0,8435.3807,ohlc
113656.SH,20230407,116.5,116.96,116.07,116.88,1194.0,139.1992,ohlc
113657.SH,20230407,123.2,124.23,122.1,123.35,4587.0,566.4193,ohlc
113658.SH,20230407,122.97,123.48,122.65,123.38,4205.0,518.0894,ohlc
113659.SH,20230407,122.11,122.6,121.83,122.45,1824.0,223.231,ohlc
113660.SH,20230407,156.06,164.95,154.71,163.09,103810.0,16758.8083,ohlc
113661.SH,20230407,128.86,130.94,128.7,130.0,43367.0,5646.5164,ohlc
113662.SH,20230407,125.61,125.8,124.29,124.48,7543.0,943.6185,ohlc
113663.SH,20230407,135.0,136.5,133.0,133.76,19967.0,2683.9292,ohlc
113664.SH,20230407,139.09,143.8,139.09,143.43,58998.0,8369.3721,ohlc
113665.SH,20230407,117.42,118.03,117.41,117.94,4900.0,577.2344,ohlc
113666.SH,20230407,142.01,145.93,140.5,145.46,146456.0,20994.4668,ohlc
118000.SH,20230407,110.7,111.26,110.5,111.14,12002.0,1332.5962,ohlc
118003.SH,20230407,146.36,147.3,144.01,147.21,49710.0,7244.2073,ohlc
118004.SH,20230407,114.0,114.96,113.99,114.9,7295.0,836.0811,ohlc
118005.SH,20230407,108.35,109.23,108.35,109.14,20382.0,2217.6752,ohlc
118006.SH,20230407,131.51,133.13,131.51,132.78,23915.0,3171.6247,ohlc
118007.SH,20230407,148.2,148.55,146.3,147.37,43968.0,6491.5594,ohlc
118008.SH,20230407,121.02,122.0,120.94,121.8,11974.0,1454.8246,ohlc
118009.SH,20230407,145.01,149.78,145.01,147.72,41221.0,6084.0111,ohlc
118010.SH,20230407,109.45,110.17,109.1,110.12,14274.0,1565.4169,ohlc
118011.SH,20230407,128.74,129.0,127.14,128.19,20981.0,2690.1172,ohlc
118012.SH,20230407,137.8,147.27,137.12,142.14,667060.0,96245.2087,ohlc
118013.SH,20230407,126.53,129.36,126.53,128.71,29344.0,3759.3715,ohlc
118014.SH,20230407,126.8,127.39,126.06,126.16,15225.0,1929.7742,ohlc
118015.SH,20230407,129.11,129.6,127.8,128.88,40425.0,5204.9442,ohlc
118016.SH,20230407,118.43,119.3,118.39,119.15,8719.0,1035.9908,ohlc
118017.SH,20230407,134.73,135.35,134.24,134.77,6244.0,841.675,ohlc
118018.SH,20230407,119.66,120.01,119.28,119.68,11912.0,1426.0497,ohlc
118019.SH,20230407,137.6,139.18,136.61,137.93,29470.0,4075.4099,ohlc
118020.SH,20230407,119.1,119.43,119.07,119.43,3854.0,459.9258,ohlc
118021.SH,20230407,150.86,151.85,146.7,149.53,87797.0,13056.1324,ohlc
118022.SH,20230407,122.98,123.85,122.85,123.58,17558.0,2168.5585,ohlc
118023.SH,20230407,123.61,124.45,123.5,123.76,9542.0,1181.9531,ohlc
118024.SH,20230407,120.9,120.9,120.2,120.57,3870.0,466.4355,ohlc
118025.SH,20230407,121.11,123.2,121.1,123.01,28276.0,3467.7857,ohlc
118026.SH,20230407,115.17,115.99,115.17,115.94,7795.0,900.9861,ohlc
118027.SH,20230407,143.05,147.5,142.02,145.31,58234.0,8507.7953,ohlc
118028.SH,20230407,129.29,129.6,128.7,129.31,4785.0,618.1378,ohlc
118029.SH,20230407,132.0,132.81,131.02,132.56,11153.0,1476.5917,ohlc
118030.SH,20230407,156.3,187.37,155.0,161.47,365290.0,58466.3325,ohlc
118031.SH,20230407,118.5,119.08,118.45,118.93,88848.0,10554.0776,ohlc
118032.SH,20230407,122.0,127.52,120.22,122.63,1049319.0,129630.4757,ohlc
120002.SZ,20230407,0.0,0.0,0.0,129.9241,0.0,0.0,close_only_no_open_quote
123002.SZ,20230407,113.86,114.45,113.6,114.35,11935.0,1363.1024,ohlc
123004.SZ,20230407,106.97,108.86,106.91,108.08,126580.8,13680.6029,ohlc
123010.SZ,20230407,110.83,111.4,110.78,111.29,10087.8,1120.3138,ohlc
123011.SZ,20230407,119.27,119.82,119.27,119.48,4404.0,526.0346,ohlc
123012.SZ,20230407,163.1,164.86,163.1,163.8,7335.0,1203.6076,ohlc
123013.SZ,20230407,502.59,502.75,496.31,497.0,7320.0,3656.1763,ohlc
123014.SZ,20230407,139.34,151.2,139.34,150.4,649792.0,95857.1284,ohlc
123015.SZ,20230407,235.0,235.8,223.85,226.3,256503.8,58587.1577,ohlc
123018.SZ,20230407,269.98,270.8,266.4,267.0,7208.1,1936.9423,ohlc
123022.SZ,20230407,155.39,156.58,154.01,154.74,27900.0,4323.41,ohlc
123025.SZ,20230407,175.35,185.44,172.8,179.0,758895.1,135507.1576,ohlc
123029.SZ,20230407,0.0,0.0,0.0,1376.6,0.0,0.0,close_only_no_open_quote
123031.SZ,20230407,479.0,480.0,466.78,475.0,99455.0,47114.6817,ohlc
123034.SZ,20230407,264.36,266.99,263.13,265.65,18256.0,4848.4129,ohlc
123035.SZ,20230407,131.24,131.86,130.2,131.78,18698.0,2450.029,ohlc
123038.SZ,20230407,137.9,138.11,136.94,137.65,25046.0,3440.7783,ohlc
123039.SZ,20230407,116.94,117.15,116.89,117.07,4836.0,565.8958,ohlc
123044.SZ,20230407,118.3,118.79,117.49,118.01,34543.0,4074.071,ohlc
123046.SZ,20230407,344.9,345.49,341.61,343.3,12041.0,4133.7495,ohlc
123048.SZ,20230407,122.22,123.5,121.96,123.1,25741.7,3158.1868,ohlc
123049.SZ,20230407,108.2,108.56,108.2,108.52,11888.5,1289.6158,ohlc
123050.SZ,20230407,137.54,138.8,135.8,136.1,221879.3,30408.0597,ohlc
123052.SZ,20230407,141.97,143.0,141.39,143.0,13169.0,1873.8388,ohlc
123054.SZ,20230407,145.8,149.75,144.45,149.5,53219.0,7859.0325,ohlc
123056.SZ,20230407,110.41,111.35,110.3,111.32,6423.0,712.7073,ohlc
123057.SZ,20230407,162.21,164.4,161.5,162.61,48996.1,7993.2039,ohlc
123059.SZ,20230407,131.73,134.05,130.71,133.36,25575.5,3395.3292,ohlc
123061.SZ,20230407,129.87,130.62,129.1,130.1,19294.6,2507.5961,ohlc
123063.SZ,20230407,122.99,123.77,122.83,123.49,9383.5,1156.3695,ohlc
123064.SZ,20230407,112.55,113.54,112.46,113.52,23436.5,2652.02,ohlc
123065.SZ,20230407,118.95,119.14,118.6,118.9,11378.2,1352.7971,ohlc
123067.SZ,20230407,169.88,172.89,169.88,172.67,35146.9,6043.6913,ohlc
123071.SZ,20230407,135.51,136.99,135.0,136.11,12820.0,1747.7639,ohlc
123072.SZ,20230407,130.76,132.06,130.62,131.62,20635.0,2713.7998,ohlc
123075.SZ,20230407,124.7,126.1,124.46,125.78,11217.0,1408.6084,ohlc
123076.SZ,20230407,108.0,108.36,107.76,108.36,20457.0,2213.3393,ohlc
123077.SZ,20230407,129.76,135.15,128.84,135.0,709962.4,93883.4102,ohlc
123078.SZ,20230407,169.0,172.23,167.0,171.5,99961.5,16942.5481,ohlc
123080.SZ,20230407,146.6,147.93,145.95,147.71,12640.0,1860.6494,ohlc
123082.SZ,20230407,115.0,115.45,115.0,115.37,4133.3,476.6418,ohlc
123083.SZ,20230407,165.8,168.1,165.0,166.49,45469.7,7580.0277,ohlc
123085.SZ,20230407,137.29,139.16,137.29,138.59,18866.0,2614.5852,ohlc
123087.SZ,20230407,128.5,128.78,127.24,128.57,44333.7,5676.6772,ohlc
123088.SZ,20230407,121.82,122.0,121.51,121.92,3091.0,376.6989,ohlc
123089.SZ,20230407,128.51,129.89,128.5,129.89,13960.0,1807.6534,ohlc
123090.SZ,20230407,123.44,125.8,122.4,125.75,36163.0,4506.9312,ohlc
123091.SZ,20230407,127.03,127.99,126.6,127.65,8537.2,1088.7687,ohlc
123092.SZ,20230407,235.03,239.4,234.19,238.75,12965.0,3073.1615,ohlc
123093.SZ,20230407,121.63,121.96,121.63,121.94,2905.0,354.0514,ohlc
123096.SZ,20230407,111.0,113.14,110.72,112.75,105661.4,11884.8765,ohlc
123098.SZ,20230407,190.1,204.13,189.4,199.5,418057.6,83286.7344,ohlc
123099.SZ,20230407,127.95,130.0,127.47,129.38,28747.4,3718.7336,ohlc
123100.SZ,20230407,119.2,119.21,118.86,119.06,5097.4,606.8991,ohlc
123101.SZ,20230407,117.79,118.6,117.5,118.6,15275.1,1799.341,ohlc
123103.SZ,20230407,129.41,130.2,129.02,130.0,7916.0,1027.4015,ohlc
123104.SZ,20230407,125.28,127.3,123.0,126.61,206613.9,26029.3471,ohlc
123106.SZ,20230407,115.0,115.39,115.0,115.28,3031.8,349.4026,ohlc
123107.SZ,20230407,131.01,131.88,130.29,130.4,167910.2,21973.1162,ohlc
123108.SZ,20230407,119.9,122.45,119.8,121.91,20464.4,2489.9514,ohlc
123109.SZ,20230407,118.19,120.15,118.01,119.42,23697.5,2829.2428,ohlc
123112.SZ,20230407,137.5,143.86,137.04,139.32,449418.3,63172.1456,ohlc
123113.SZ,20230407,110.35,111.33,110.3,111.02,10640.8,1180.1414,ohlc
123114.SZ,20230407,139.45,141.4,139.0,141.09,30560.7,4286.4375,ohlc
123115.SZ,20230407,124.96,125.8,124.33,125.0,10890.6,1359.8744,ohlc
123116.SZ,20230407,148.3,152.42,143.1,150.0,1943982.1,290707.6938,ohlc
123117.SZ,20230407,118.99,119.54,118.64,119.07,15842.6,1888.0209,ohlc
123118.SZ,20230407,229.46,239.61,228.33,238.5,366559.3,86288.8792,ohlc
123119.SZ,20230407,125.2,128.39,124.96,128.0,62586.8,7972.9643,ohlc
123120.SZ,20230407,133.06,134.92,132.8,133.8,33826.4,4531.594,ohlc
123121.SZ,20230407,130.82,131.35,130.5,131.04,12587.0,1647.0891,ohlc
123122.SZ,20230407,126.73,127.48,125.62,126.99,32980.7,4179.1203,ohlc
123124.SZ,20230407,125.05,125.6,123.87,125.5,38878.0,4850.9505,ohlc
123126.SZ,20230407,112.45,113.02,112.45,113.01,3566.1,402.1742,ohlc
123127.SZ,20230407,126.11,126.5,125.5,126.1,15459.2,1948.4344,ohlc
123128.SZ,20230407,101.36,101.68,101.36,101.68,9321.8,946.8629,ohlc
123129.SZ,20230407,114.95,115.62,114.88,115.1,2913.0,335.6451,ohlc
123130.SZ,20230407,132.73,132.96,131.7,132.28,21912.0,2897.9998,ohlc
123131.SZ,20230407,152.2,156.5,148.38,155.13,145373.2,22163.1207,ohlc
123132.SZ,20230407,115.4,116.36,115.3,116.17,4232.3,490.9493,ohlc
123133.SZ,20230407,126.5,127.7,126.06,126.98,11831.6,1502.9074,ohlc
123135.SZ,20230407,156.35,158.1,155.18,155.57,83819.4,13131.5213,ohlc
123136.SZ,20230407,129.15,133.15,129.15,131.39,524357.2,69190.9175,ohlc
123138.SZ,20230407,136.9,138.29,135.8,137.56,50631.0,6956.8527,ohlc
123140.SZ,20230407,142.08,144.8,141.83,143.5,49301.4,7068.0514,ohlc
123141.SZ,20230407,125.5,125.97,125.11,125.78,10780.4,1355.2701,ohlc
123142.SZ,20230407,120.57,121.1,119.9,120.03,24640.4,2962.5747,ohlc
123143.SZ,20230407,131.85,132.37,131.7,132.1,24996.1,3302.4901,ohlc
123144.SZ,20230407,119.1,119.92,118.9,119.85,5076.8,606.5483,ohlc
123145.SZ,20230407,129.0,131.45,129.0,130.6,58330.4,7614.8606,ohlc
123146.SZ,20230407,117.95,118.1,117.37,117.48,13867.8,1630.7813,ohlc
123147.SZ,20230407,125.92,126.58,125.92,126.57,4389.6,554.5104,ohlc
123148.SZ,20230407,187.0,189.18,185.7,186.0,156008.6,29294.3188,ohlc
123149.SZ,20230407,121.17,121.35,120.17,121.0,4345.0,525.5413,ohlc
123150.SZ,20230407,137.22,139.29,136.0,138.6,31336.7,4328.6622,ohlc
123151.SZ,20230407,118.34,119.21,118.34,119.15,17797.6,2117.5874,ohlc
123152.SZ,20230407,141.0,141.0,138.15,139.6,62871.8,8748.3996,ohlc
123153.SZ,20230407,120.14,120.85,119.8,120.63,39497.8,4752.3071,ohlc
123154.SZ,20230407,129.09,129.89,128.73,129.36,64990.2,8401.9488,ohlc
123155.SZ,20230407,113.7,114.26,113.7,114.16,5255.4,599.3209,ohlc
123156.SZ,20230407,136.07,141.95,136.07,141.72,67341.1,9409.1561,ohlc
123157.SZ,20230407,133.5,134.73,132.33,134.63,84642.1,11346.9439,ohlc
123158.SZ,20230407,140.09,144.44,140.09,143.8,52081.0,7445.6397,ohlc
123159.SZ,20230407,125.2,126.03,125.07,125.76,8686.6,1091.046,ohlc
123160.SZ,20230407,118.2,118.89,118.11,118.89,4857.7,574.8166,ohlc
123161.SZ,20230407,113.59,114.53,113.5,114.3,5297.2,605.4072,ohlc
123162.SZ,20230407,126.23,127.98,126.23,127.85,8334.0,1060.3456,ohlc
123163.SZ,20230407,125.67,125.67,125.08,125.28,1489.6,186.5369,ohlc
123164.SZ,20230407,163.45,169.9,161.6,168.27,147717.5,24672.9732,ohlc
123165.SZ,20230407,115.0,115.6,114.8,115.35,9866.7,1135.9324,ohlc
123166.SZ,20230407,131.4,131.76,131.0,131.5,2827.5,371.6355,ohlc
123167.SZ,20230407,135.0,135.9,134.2,135.7,3288.9,444.3348,ohlc
123168.SZ,20230407,128.83,130.3,128.72,130.19,8792.9,1140.3169,ohlc
123169.SZ,20230407,126.47,126.78,125.61,126.76,4307.9,545.4023,ohlc
123170.SZ,20230407,144.4,146.2,143.11,145.66,66877.4,9658.1753,ohlc
123171.SZ,20230407,129.3,130.49,129.3,130.3,14218.5,1851.3959,ohlc
123172.SZ,20230407,131.71,133.98,131.64,133.65,14915.6,1981.3867,ohlc
123173.SZ,20230407,171.51,174.1,170.56,171.67,123911.0,21370.1276,ohlc
123174.SZ,20230407,119.97,122.0,119.9,121.5,30760.3,3714.2562,ohlc
123175.SZ,20230407,120.8,122.49,120.8,121.65,25043.2,3049.2775,ohlc
123176.SZ,20230407,142.1,145.5,140.5,143.4,80115.4,11455.2897,ohlc
123177.SZ,20230407,157.0,158.1,152.67,153.06,237584.8,36612.913,ohlc
123178.SZ,20230407,120.66,123.86,120.52,123.1,71982.0,8844.1681,ohlc
123179.SZ,20230407,140.76,142.15,140.1,141.4,23642.3,3338.2612,ohlc
123180.SZ,20230407,140.8,140.8,138.5,138.5,87058.2,12130.9747,ohlc
127004.SZ,20230407,166.2,166.68,164.3,164.3,14264.0,2360.8639,ohlc
127005.SZ,20230407,108.5,109.32,108.4,109.28,31867.9,3472.0446,ohlc
127006.SZ,20230407,123.5,123.88,122.51,123.81,35743.7,4408.6752,ohlc
127007.SZ,20230407,140.47,142.44,140.0,140.68,121282.0,17124.832,ohlc
127012.SZ,20230407,122.0,122.68,121.5,121.93,67775.5,8272.526,ohlc
127014.SZ,20230407,229.0,233.0,221.85,225.93,484694.1,109004.8442,ohlc
127015.SZ,20230407,110.56,110.89,110.19,110.35,5449.3,602.0045,ohlc
127016.SZ,20230407,118.05,118.17,117.31,117.64,11423.9,1343.9337,ohlc
127017.SZ,20230407,114.03,114.81,113.96,114.63,3905.0,446.4491,ohlc
127018.SZ,20230407,119.81,121.78,119.81,121.5,59344.2,7190.4396,ohlc
127019.SZ,20230407,117.51,118.79,117.51,118.73,7724.0,914.9663,ohlc
127020.SZ,20230407,125.55,127.5,125.52,126.99,42519.8,5385.5441,ohlc
127021.SZ,20230407,149.0,150.86,147.12,149.19,181539.7,27116.7654,ohlc
127022.SZ,20230407,112.23,113.88,112.23,113.18,16573.8,1875.1792,ohlc
127024.SZ,20230407,109.25,110.34,108.97,110.34,8426.3,924.128,ohlc
127025.SZ,20230407,108.1,108.97,108.0,108.92,8497.8,924.3481,ohlc
127026.SZ,20230407,124.88,124.88,123.17,124.06,19051.7,2356.3645,ohlc
127027.SZ,20230407,122.17,123.4,121.9,122.3,25468.0,3113.5699,ohlc
127028.SZ,20230407,131.41,133.99,131.3,133.98,36847.2,4904.936,ohlc
127029.SZ,20230407,155.6,158.17,155.21,157.7,86004.4,13483.8407,ohlc
127030.SZ,20230407,137.05,139.16,136.61,137.55,35262.0,4858.4311,ohlc
127031.SZ,20230407,111.24,111.8,111.14,111.67,4200.5,468.7621,ohlc
127032.SZ,20230407,117.57,118.05,117.47,117.77,28983.9,3410.2014,ohlc
127033.SZ,20230407,117.17,117.82,116.8,117.5,14641.7,1718.5921,ohlc
127034.SZ,20230407,107.24,107.35,106.93,107.3,9356.7,1002.6562,ohlc
127035.SZ,20230407,120.03,120.55,119.79,120.15,8513.9,1023.7148,ohlc
127036.SZ,20230407,138.65,139.5,138.0,138.42,39130.5,5419.9507,ohlc
127037.SZ,20230407,151.12,156.33,151.12,154.8,73176.0,11308.6473,ohlc
127038.SZ,20230407,162.1,166.0,159.05,164.6,451980.0,73367.2189,ohlc
127039.SZ,20230407,123.08,124.85,122.95,124.49,16654.3,2066.323,ohlc
127040.SZ,20230407,117.91,118.56,117.71,118.13,18558.3,2188.9349,ohlc
127041.SZ,20230407,114.67,115.0,114.17,114.84,8813.6,1010.7273,ohlc
127042.SZ,20230407,112.85,113.73,112.85,113.5,8558.8,971.211,ohlc
127043.SZ,20230407,138.2,139.48,138.0,138.9,28102.4,3905.3923,ohlc
127044.SZ,20230407,116.18,117.87,116.07,116.65,45738.6,5356.0495,ohlc
127045.SZ,20230407,127.5,127.5,126.24,126.6,85520.8,10849.7522,ohlc
127046.SZ,20230407,126.0,127.12,125.87,126.99,16161.4,2046.1569,ohlc
127047.SZ,20230407,98.86,99.32,98.86,99.0,9108.2,902.2742,ohlc
127049.SZ,20230407,118.27,118.3,117.31,118.05,76376.3,9010.0702,ohlc
127050.SZ,20230407,130.93,132.07,130.51,131.3,33302.5,4382.9481,ohlc
127051.SZ,20230407,116.06,116.77,115.7,116.76,17873.9,2077.5254,ohlc
127052.SZ,20230407,121.0,126.8,120.96,122.6,480322.3,59131.8814,ohlc
127053.SZ,20230407,117.69,120.25,117.6,119.8,32170.0,3837.6342,ohlc
127054.SZ,20230407,119.73,120.28,119.73,120.14,13283.0,1595.4437,ohlc
127055.SZ,20230407,118.0,118.7,117.75,118.65,13500.7,1597.4486,ohlc
127056.SZ,20230407,112.85,114.01,112.36,113.75,8743.8,990.2135,ohlc
127058.SZ,20230407,169.23,178.18,169.19,177.48,560708.5,98715.094,ohlc
127059.SZ,20230407,120.89,121.27,120.68,120.8,12058.9,1457.5604,ohlc
127060.SZ,20230407,122.82,123.9,122.7,123.2,13304.9,1636.892,ohlc
127061.SZ,20230407,111.33,111.7,111.2,111.31,6272.0,699.2643,ohlc
127062.SZ,20230407,121.09,121.56,120.8,121.53,20549.7,2492.1203,ohlc
127063.SZ,20230407,126.5,127.95,126.5,127.93,26376.0,3360.7058,ohlc
127064.SZ,20230407,179.5,182.99,175.1,178.04,255176.5,45542.5391,ohlc
127065.SZ,20230407,167.7,171.0,165.7,169.41,54865.0,9245.4263,ohlc
127066.SZ,20230407,120.33,123.56,120.33,123.4,76506.2,9372.9246,ohlc
127067.SZ,20230407,114.58,115.34,114.49,115.3,13185.3,1517.8062,ohlc
127068.SZ,20230407,110.77,111.31,110.71,111.31,4040.1,448.6976,ohlc
127069.SZ,20230407,146.4,150.74,145.57,146.2,130713.8,19398.1955,ohlc
127070.SZ,20230407,133.0,134.66,132.63,134.4,21681.2,2902.1065,ohlc
127071.SZ,20230407,125.4,126.44,125.01,125.5,10763.0,1351.6351,ohlc
127072.SZ,20230407,139.91,141.08,139.61,140.7,4752.2,668.2513,ohlc
127073.SZ,20230407,121.59,123.12,121.59,123.09,30566.2,3746.3296,ohlc
127074.SZ,20230407,123.32,129.47,123.04,128.0,147894.4,18751.0825,ohlc
127075.SZ,20230407,118.99,119.49,118.95,119.1,5137.1,612.5105,ohlc
127076.SZ,20230407,120.79,121.06,120.48,120.99,7660.6,925.486,ohlc
127077.SZ,20230407,132.31,133.45,132.31,133.33,4744.2,631.8279,ohlc
127078.SZ,20230407,119.88,120.04,119.5,119.88,2401.0,287.6307,ohlc
127079.SZ,20230407,153.3,157.0,153.22,153.91,252066.9,39072.5279,ohlc
127080.SZ,20230407,162.58,163.55,161.21,162.75,60082.8,9768.7658,ohlc
128014.SZ,20230407,107.77,107.83,107.76,107.82,30800.6,3320.427,ohlc
128017.SZ,20230407,149.96,152.0,149.56,151.8,21148.0,3199.1169,ohlc
128021.SZ,20230407,123.36,124.88,123.22,124.83,17864.0,2219.1016,ohlc
128023.SZ,20230407,110.96,112.0,110.75,112.0,32242.6,3596.0889,ohlc
128025.SZ,20230407,207.88,208.33,204.2,206.2,259327.8,53505.4868,ohlc
128026.SZ,20230407,114.0,115.34,114.0,114.99,46107.8,5290.5407,ohlc
128030.SZ,20230407,249.7,250.3,248.23,249.66,3786.6,944.5339,ohlc
128033.SZ,20230407,126.0,126.6,125.55,126.33,29028.9,3662.8116,ohlc
128034.SZ,20230407,112.33,112.8,112.03,112.7,25011.4,2809.4262,ohlc
128035.SZ,20230407,105.01,106.06,105.01,105.99,78719.3,8324.3328,ohlc
128036.SZ,20230407,136.6,137.0,135.87,136.31,6478.0,883.3403,ohlc
128037.SZ,20230407,118.45,118.88,118.24,118.67,9172.0,1087.7129,ohlc
128039.SZ,20230407,121.01,121.45,120.9,121.44,3728.0,452.0355,ohlc
128041.SZ,20230407,368.9,372.5,362.0,362.5,78925.0,28785.3948,ohlc
128042.SZ,20230407,123.03,124.06,123.03,123.84,14642.0,1811.1506,ohlc
128044.SZ,20230407,127.95,130.8,127.82,129.71,237871.8,30784.6742,ohlc
128048.SZ,20230407,115.4,115.7,115.2,115.58,31796.0,3668.6193,ohlc
128049.SZ,20230407,130.16,135.88,129.63,134.41,164377.3,21902.125,ohlc
128053.SZ,20230407,139.29,140.5,139.29,140.4,18872.9,2646.0984,ohlc
128056.SZ,20230407,133.08,133.9,132.82,133.9,10706.2,1429.5693,ohlc
128062.SZ,20230407,108.33,108.59,108.24,108.43,10499.4,1137.7214,ohlc
128063.SZ,20230407,119.55,119.76,119.55,119.73,3480.1,416.5394,ohlc
128066.SZ,20230407,116.94,116.98,116.62,116.9,12523.0,1462.478,ohlc
128070.SZ,20230407,142.09,143.43,141.68,142.77,86283.8,12317.0784,ohlc
128071.SZ,20230407,116.8,117.48,116.6,117.47,6851.2,802.9521,ohlc
128072.SZ,20230407,115.2,115.47,115.0,115.4,3486.0,401.8783,ohlc
128074.SZ,20230407,123.3,124.42,123.0,123.63,37040.3,4581.5363,ohlc
128075.SZ,20230407,128.29,129.5,128.14,129.06,24424.6,3147.0506,ohlc
128076.SZ,20230407,131.88,133.33,131.73,133.29,17849.6,2369.5285,ohlc
128078.SZ,20230407,204.0,209.1,198.32,207.5,745770.7,152299.7055,ohlc
128079.SZ,20230407,142.95,143.94,142.9,143.92,10539.0,1513.4675,ohlc
128081.SZ,20230407,127.0,127.18,126.5,126.65,34155.0,4331.1539,ohlc
128082.SZ,20230407,149.6,151.4,149.6,150.8,19738.3,2978.0193,ohlc
128083.SZ,20230407,133.94,135.97,133.19,135.92,47276.7,6366.5885,ohlc
128085.SZ,20230407,107.93,108.35,107.8,108.35,3838.9,415.2391,ohlc
128087.SZ,20230407,123.68,124.3,123.4,124.17,12374.0,1533.4276,ohlc
128090.SZ,20230407,121.7,122.58,121.46,122.58,7837.1,956.4226,ohlc
128091.SZ,20230407,198.7,202.09,195.83,197.59,158008.0,31394.1681,ohlc
128095.SZ,20230407,208.19,212.87,207.66,208.6,97068.6,20425.9034,ohlc
128097.SZ,20230407,118.41,118.8,118.34,118.7,4617.0,547.6683,ohlc
128100.SZ,20230407,80.81,81.4,80.3,81.0,53383.6,4323.144,ohlc
128101.SZ,20230407,133.76,134.42,133.0,134.37,11918.0,1594.7096,ohlc
128105.SZ,20230407,106.65,107.03,106.61,107.0,31399.2,3358.3352,ohlc
128106.SZ,20230407,240.95,242.0,226.9,235.65,242483.6,56854.3645,ohlc
128108.SZ,20230407,101.86,102.03,101.8,101.85,12784.4,1303.0557,ohlc
128109.SZ,20230407,120.74,121.5,120.6,121.25,11739.7,1423.0467,ohlc
128111.SZ,20230407,701.99,706.58,696.8,702.23,45116.1,31718.1765,ohlc
128114.SZ,20230407,94.59,94.6,93.0,93.7,46206.2,4333.0491,ohlc
128116.SZ,20230407,106.76,107.24,106.64,107.2,12934.0,1384.0945,ohlc
128117.SZ,20230407,116.77,117.3,116.64,117.24,6350.8,743.4022,ohlc
128118.SZ,20230407,114.78,116.24,114.4,114.84,32417.3,3741.6076,ohlc
128119.SZ,20230407,118.6,118.68,117.92,118.27,10895.0,1288.2107,ohlc
128120.SZ,20230407,124.4,125.38,124.2,124.9,15635.0,1949.2954,ohlc
128121.SZ,20230407,128.79,129.88,128.08,129.51,21057.4,2716.7785,ohlc
128122.SZ,20230407,144.57,146.16,144.05,145.5,46803.5,6797.5092,ohlc
128123.SZ,20230407,114.0,114.46,113.9,114.46,3423.4,390.8969,ohlc
128124.SZ,20230407,103.4,103.47,103.15,103.42,12314.4,1271.8323,ohlc
128125.SZ,20230407,109.67,110.24,109.45,110.2,10570.6,1161.3952,ohlc
128127.SZ,20230407,109.99,110.39,109.57,110.34,25276.1,2780.5839,ohlc
128128.SZ,20230407,136.98,137.7,136.78,137.6,10462.0,1436.6224,ohlc
128129.SZ,20230407,100.25,100.33,100.11,100.22,23206.0,2324.9219,ohlc
128130.SZ,20230407,122.06,122.79,121.64,122.79,6804.3,830.4265,ohlc
128131.SZ,20230407,121.0,121.0,117.4,118.0,38128.2,4503.0917,ohlc
128132.SZ,20230407,119.79,120.56,119.42,120.0,29660.5,3557.1878,ohlc
128133.SZ,20230407,131.0,131.95,129.4,131.69,32509.4,4261.7242,ohlc
128134.SZ,20230407,132.27,135.0,132.05,134.0,58835.8,7870.4062,ohlc
128135.SZ,20230407,118.97,119.2,118.71,118.95,5248.8,624.6322,ohlc
128136.SZ,20230407,113.05,113.76,112.69,113.6,24488.0,2771.414,ohlc
128137.SZ,20230407,138.59,144.09,138.59,143.42,56482.1,8046.7536,ohlc
128138.SZ,20230407,117.49,117.67,117.36,117.63,5857.5,688.7634,ohlc
128140.SZ,20230407,193.5,204.18,190.05,198.8,240320.9,47707.2116,ohlc
128141.SZ,20230407,127.68,128.2,127.26,127.87,22808.1,2917.9528,ohlc
128142.SZ,20230407,122.44,125.19,122.4,123.98,38366.8,4770.0111,ohlc
128143.SZ,20230407,124.27,125.24,123.91,125.15,10725.0,1337.836,ohlc
128144.SZ,20230407,121.7,122.16,121.53,121.8,15966.2,1943.4449,ohlc
132014.SH,20230407,134.22,134.401,132.6,132.6,9025.0,1203.218,ohlc
132018.SH,20230407,136.12,137.948,136.12,137.685,75016.0,10324.7978,ohlc
132020.SH,20230407,110.5,110.5,109.1,110.385,2800.0,309.0061,ohlc
132022.SH,20230407,106.0,106.0,106.0,106.0,7200.0,763.2,ohlc
132026.SH,20230407,107.0,107.3,107.0,107.074,33745.0,3612.7285,ohlc
