ts_code,trade_date,open,high,low,close,vol,amount,bar_quality
110073.SH,20260525,106.817,106.936,106.701,106.745,184797.0,19730.4373,ohlc
110074.SH,20260525,460.937,466.571,453.51,462.151,94634.0,43497.3071,ohlc
110075.SH,20260525,112.278,113.788,111.661,111.915,183542.0,20671.9792,ohlc
110076.SH,20260525,124.004,124.598,122.234,122.739,42067.0,5185.2134,ohlc
110077.SH,20260525,221.0,221.0,215.807,216.581,36306.0,7909.5668,ohlc
110081.SH,20260525,87.999,93.35,87.998,91.325,1519163.0,138645.106,ohlc
110084.SH,20260525,143.0,145.093,139.0,140.037,265417.0,37403.9237,ohlc
110085.SH,20260525,121.0,121.608,119.8,120.246,85491.0,10326.6611,ohlc
110086.SH,20260525,130.551,131.152,129.374,130.663,29068.0,3780.6889,ohlc
110087.SH,20260525,130.073,130.499,128.733,129.414,76823.0,9948.0193,ohlc
110090.SH,20260525,141.2,142.0,140.18,141.156,51242.0,7229.5527,ohlc
110092.SH,20260525,64.3,65.201,62.4,64.204,1131468.0,72166.3622,ohlc
110093.SH,20260525,120.786,121.499,119.02,119.069,52149.0,6250.9464,ohlc
110095.SH,20260525,145.213,146.489,142.281,142.626,192553.0,27746.1474,ohlc
110097.SH,20260525,140.83,142.333,140.0,140.418,25392.0,3579.0858,ohlc
110098.SH,20260525,137.851,137.979,136.802,137.33,25270.0,3470.237,ohlc
110099.SH,20260525,145.778,147.654,145.778,146.594,61189.0,8969.8911,ohlc
110100.SH,20260525,133.99,134.362,133.008,133.084,13656.0,1823.1186,ohlc
111000.SH,20260525,252.49,254.81,219.83,222.016,322660.0,75078.2694,ohlc
111001.SH,20260525,175.856,178.499,167.566,168.633,651592.0,111871.1165,ohlc
111002.SH,20260525,138.52,140.98,137.932,138.883,62861.0,8787.1527,ohlc
111003.SH,20260525,142.35,145.386,142.35,143.926,33082.0,4759.1282,ohlc
111004.SH,20260525,140.05,141.128,138.228,138.449,51053.0,7109.2981,ohlc
111005.SH,20260525,141.6,142.7,135.4,135.921,80709.0,11082.0893,ohlc
111009.SH,20260525,129.5,130.0,127.689,128.514,15624.0,2007.832,ohlc
111010.SH,20260525,155.0,161.45,151.793,160.801,605421.0,96139.2631,ohlc
111012.SH,20260525,450.0,456.022,440.402,444.825,84366.0,37637.7098,ohlc
111013.SH,20260525,122.01,132.927,120.05,124.882,690968.0,87412.4016,ohlc
111014.SH,20260525,124.85,125.64,124.25,124.39,9968.0,1244.1711,ohlc
111015.SH,20260525,137.527,138.623,135.511,136.29,46717.0,6379.2407,ohlc
111017.SH,20260525,127.708,128.465,126.506,127.038,33413.0,4244.4457,ohlc
111018.SH,20260525,136.88,138.868,136.0,138.22,56493.0,7758.9687,ohlc
111020.SH,20260525,145.672,147.4,144.716,146.069,25495.0,3722.012,ohlc
111021.SH,20260525,138.74,138.837,137.54,138.185,22516.0,3110.8593,ohlc
111022.SH,20260525,157.5,158.066,152.214,153.379,54190.0,8360.2683,ohlc
111023.SH,20260525,140.365,142.579,134.0,134.925,158609.0,21744.5476,ohlc
111024.SH,20260525,182.005,198.9,181.633,188.632,193408.0,36787.7887,ohlc
113037.SH,20260525,109.734,109.8,109.616,109.758,51671.0,5670.1973,ohlc
113039.SH,20260525,212.0,217.58,204.5,205.043,118404.0,24889.127,ohlc
113042.SH,20260525,116.12,117.07,116.0,116.003,194058.0,22583.0097,ohlc
113043.SH,20260525,124.1,125.416,123.3,124.353,112835.0,14045.5494,ohlc
113046.SH,20260525,139.013,139.949,136.375,137.873,127469.0,17556.4757,ohlc
113048.SH,20260525,167.0,174.789,166.498,170.315,492197.0,84438.0759,ohlc
113049.SH,20260525,110.897,111.426,110.134,110.878,60564.0,6714.1178,ohlc
113051.SH,20260525,161.68,164.796,159.652,160.221,394729.0,64036.7078,ohlc
113052.SH,20260525,115.9,116.18,114.71,114.829,610407.0,70386.1184,ohlc
113053.SH,20260525,123.1,123.686,122.5,122.764,97222.0,11960.227,ohlc
113054.SH,20260525,131.598,133.48,130.52,132.911,78772.0,10421.8164,ohlc
113056.SH,20260525,127.108,127.96,127.0,127.045,171627.0,21874.4039,ohlc
113058.SH,20260525,135.65,136.897,134.449,134.873,67828.0,9169.2056,ohlc
113059.SH,20260525,123.0,123.55,122.2,122.529,31237.0,3834.0308,ohlc
113062.SH,20260525,129.89,130.16,129.5,129.618,131059.0,17009.4713,ohlc
113066.SH,20260525,146.0,153.378,145.676,147.796,641636.0,95491.2787,ohlc
113067.SH,20260525,130.545,131.029,129.72,130.198,42575.0,5542.1613,ohlc
113070.SH,20260525,128.105,128.621,128.006,128.252,24326.0,3122.7376,ohlc
113584.SH,20260525,109.82,109.848,109.799,109.831,32135.0,3528.7802,ohlc
113588.SH,20260525,116.116,122.665,115.667,115.961,319506.0,37771.8654,ohlc
113589.SH,20260525,191.0,194.976,175.548,180.949,275227.0,50725.4976,ohlc
113597.SH,20260525,131.65,131.985,126.001,128.467,103634.0,13256.3055,ohlc
113605.SH,20260525,115.925,116.113,114.666,114.82,54428.0,6270.2298,ohlc
113610.SH,20260525,121.779,121.899,119.99,120.194,12931.0,1559.4481,ohlc
113615.SH,20260525,659.778,711.3,659.778,695.352,160890.0,111161.158,ohlc
113616.SH,20260525,114.88,116.38,114.88,115.833,47122.0,5448.6762,ohlc
113624.SH,20260525,142.0,142.65,138.601,138.935,166524.0,23338.1323,ohlc
113625.SH,20260525,124.4,125.147,122.414,122.655,40418.0,4981.9746,ohlc
113627.SH,20260525,118.564,119.21,117.856,117.937,18998.0,2246.927,ohlc
113631.SH,20260525,140.0,141.0,138.901,139.648,30170.0,4208.3305,ohlc
113632.SH,20260525,132.942,133.717,132.188,132.481,60624.0,8046.8389,ohlc
113633.SH,20260525,124.38,125.19,123.456,123.513,25651.0,3182.1603,ohlc
113634.SH,20260525,125.8,126.325,125.55,126.05,30445.0,3831.7958,ohlc
113636.SH,20260525,127.6,128.012,126.295,126.316,15192.0,1930.7939,ohlc
113638.SH,20260525,125.564,125.912,124.372,124.552,18793.0,2350.7433,ohlc
113640.SH,20260525,136.159,136.969,135.255,135.833,41721.0,5668.9497,ohlc
113643.SH,20260525,140.882,140.9,137.521,138.2,40989.0,5678.8676,ohlc
113644.SH,20260525,136.98,138.9,135.271,136.397,172789.0,23658.9003,ohlc
113646.SH,20260525,155.591,155.591,147.501,149.997,46096.0,6942.3791,ohlc
113647.SH,20260525,121.802,122.634,121.668,121.995,25273.0,3091.1409,ohlc
113648.SH,20260525,124.501,125.287,124.146,124.606,22762.0,2838.3257,ohlc
113649.SH,20260525,141.2,142.086,138.871,139.899,31953.0,4470.3672,ohlc
113650.SH,20260525,133.031,133.98,131.8,132.792,54371.0,7222.1883,ohlc
113652.SH,20260525,130.9,131.99,130.55,130.872,25510.0,3346.6608,ohlc
113655.SH,20260525,128.29,128.78,127.5,128.154,43299.0,5547.0943,ohlc
113656.SH,20260525,127.594,128.366,127.178,127.67,20830.0,2659.7372,ohlc
113658.SH,20260525,134.74,138.732,134.74,137.73,79012.0,10854.4495,ohlc
113659.SH,20260525,133.0,134.0,131.9,132.219,42357.0,5628.5648,ohlc
113660.SH,20260525,125.09,126.5,125.09,126.493,10275.0,1294.7177,ohlc
113661.SH,20260525,140.503,142.95,139.56,142.875,205461.0,29080.4542,ohlc
113665.SH,20260525,135.037,136.1,133.6,133.977,33701.0,4542.4539,ohlc
113666.SH,20260525,124.202,124.451,123.105,123.576,25780.0,3188.3195,ohlc
113667.SH,20260525,276.888,295.0,275.629,276.388,457070.0,130621.4532,ohlc
113670.SH,20260525,125.063,125.664,124.74,125.285,11238.0,1406.8872,ohlc
113671.SH,20260525,140.36,141.17,139.8,140.691,28052.0,3938.997,ohlc
113673.SH,20260525,207.438,231.0,207.0,214.338,292348.0,63135.761,ohlc
113674.SH,20260525,135.077,135.698,133.97,134.489,17270.0,2325.0452,ohlc
113677.SH,20260525,408.0,422.908,402.456,418.84,145903.0,60374.3714,ohlc
113678.SH,20260525,191.5,193.34,171.0,173.96,250651.0,44531.8888,ohlc
113679.SH,20260525,133.302,134.498,132.522,132.749,26234.0,3487.7274,ohlc
113680.SH,20260525,152.249,153.5,149.621,150.123,50467.0,7639.42,ohlc
113681.SH,20260525,141.999,144.0,141.999,142.909,54555.0,7812.3107,ohlc
113682.SH,20260525,128.041,128.902,127.301,128.038,49569.0,6360.8202,ohlc
113686.SH,20260525,162.0,170.73,160.292,168.485,173569.0,28782.3887,ohlc
113688.SH,20260525,144.89,145.04,143.05,143.851,38082.0,5486.3119,ohlc
113691.SH,20260525,161.46,162.888,154.07,155.033,249718.0,39170.6034,ohlc
113692.SH,20260525,136.85,137.712,135.122,135.511,41901.0,5702.2236,ohlc
113693.SH,20260525,125.64,126.168,124.246,124.6,25845.0,3228.7073,ohlc
113694.SH,20260525,136.24,137.041,134.896,135.17,27576.0,3733.4979,ohlc
113695.SH,20260525,154.846,158.062,152.4,153.559,108862.0,16862.4762,ohlc
113696.SH,20260525,143.48,144.853,143.0,143.548,71579.0,10304.459,ohlc
113697.SH,20260525,304.88,311.272,298.88,308.696,163532.0,50047.3792,ohlc
113698.SH,20260525,164.9,165.6,161.553,164.819,94625.0,15521.3153,ohlc
113699.SH,20260525,166.51,171.826,166.51,170.534,141913.0,24064.3701,ohlc
113700.SH,20260525,136.375,136.5,134.801,134.915,11274.0,1525.3535,ohlc
113701.SH,20260525,143.826,144.8,143.7,144.389,10999.0,1587.2561,ohlc
113702.SH,20260525,203.499,224.298,203.499,215.401,1024396.0,219592.1721,ohlc
118005.SH,20260525,126.5,127.238,126.04,126.366,12606.0,1596.5967,ohlc
118007.SH,20260525,145.9,151.357,145.0,148.897,51338.0,7664.8572,ohlc
118010.SH,20260525,123.829,124.924,123.73,123.987,6148.0,762.9329,ohlc
118011.SH,20260525,143.274,148.764,142.113,146.804,116697.0,17081.7752,ohlc
118012.SH,20260525,152.46,153.582,149.738,151.312,46558.0,7038.1179,ohlc
118013.SH,20260525,250.14,250.38,240.01,242.932,76530.0,18675.6012,ohlc
118015.SH,20260525,133.56,135.98,133.25,135.6,22023.0,2970.1157,ohlc
118016.SH,20260525,185.818,199.266,185.818,191.261,478214.0,92524.9337,ohlc
118018.SH,20260525,192.999,197.232,180.818,189.82,881975.0,165904.2671,ohlc
118020.SH,20260525,124.811,124.899,123.4,123.494,13011.0,1611.7548,ohlc
118022.SH,20260525,124.4,124.616,123.001,123.111,45233.0,5590.8715,ohlc
118024.SH,20260525,127.899,127.99,126.5,126.732,74682.0,9491.3541,ohlc
118025.SH,20260525,165.07,179.588,163.006,174.868,599439.0,103631.3859,ohlc
118027.SH,20260525,77.66,78.25,76.61,76.779,98824.0,7624.6017,ohlc
118030.SH,20260525,447.0,456.96,439.0,453.93,98723.0,44280.2904,ohlc
118031.SH,20260525,127.097,127.621,125.782,125.833,152083.0,19225.7518,ohlc
118032.SH,20260525,127.7,128.4,127.379,127.756,17109.0,2187.6454,ohlc
118033.SH,20260525,193.5,198.4,187.391,189.85,558515.0,107730.4513,ohlc
118034.SH,20260525,127.578,127.644,125.51,126.115,155767.0,19676.6765,ohlc
118035.SH,20260525,147.927,149.0,146.423,146.773,28996.0,4282.8994,ohlc
118036.SH,20260525,146.0,147.515,145.14,145.8,21180.0,3102.923,ohlc
118037.SH,20260525,137.5,139.334,137.5,138.573,14286.0,1979.5988,ohlc
118039.SH,20260525,148.9,151.0,147.662,148.322,36601.0,5454.8579,ohlc
118040.SH,20260525,155.716,163.132,155.238,160.966,191640.0,30830.6671,ohlc
118041.SH,20260525,152.888,152.888,143.108,144.909,295795.0,43064.0792,ohlc
118042.SH,20260525,149.984,150.497,146.992,148.896,46785.0,6956.7964,ohlc
118044.SH,20260525,209.28,218.711,208.0,218.309,91664.0,19749.1812,ohlc
118050.SH,20260525,339.445,360.879,339.2,356.661,120473.0,42287.4187,ohlc
118051.SH,20260525,233.2,235.55,220.236,222.429,58635.0,13277.8159,ohlc
118052.SH,20260525,157.0,158.07,155.01,156.475,62356.0,9756.0382,ohlc
118053.SH,20260525,162.115,164.291,157.38,162.466,133896.0,21546.3287,ohlc
118056.SH,20260525,292.29,333.468,290.824,319.969,443872.0,141272.6003,ohlc
118057.SH,20260525,205.0,239.436,201.206,239.436,2600946.0,581330.3991,ohlc
118058.SH,20260525,362.9,381.802,356.0,374.037,348857.0,128718.4014,ohlc
118059.SH,20260525,165.9,175.4,163.805,174.302,333256.0,57416.5683,ohlc
118060.SH,20260525,252.99,253.859,240.139,247.951,166003.0,40904.1969,ohlc
118061.SH,20260525,241.0,246.5,231.2,237.373,129607.0,30899.5443,ohlc
118062.SH,20260525,257.523,261.2,252.18,257.907,104922.0,26900.9818,ohlc
118063.SH,20260525,186.454,188.888,182.513,188.07,103285.0,19234.922,ohlc
118064.SH,20260525,310.0,330.251,308.213,324.419,314577.0,101202.3737,ohlc
118065.SH,20260525,157.802,162.376,156.092,160.242,138688.0,22110.2005,ohlc
118066.SH,20260525,153.473,154.62,150.219,153.296,50461.0,7699.2434,ohlc
118067.SH,20260525,145.75,146.888,145.6,145.842,6059.0,885.1338,ohlc
123054.SZ,20260525,162.5,167.491,149.998,150.6,252335.6,39916.2461,ohlc
123059.SZ,20260525,131.4,131.693,127.6,128.35,21699.0,2803.1601,ohlc
123061.SZ,20260525,141.0,148.402,141.0,145.3,292430.0,42510.3884,ohlc
123064.SZ,20260525,111.58,112.4,111.2,111.357,28722.0,3210.6241,ohlc
123065.SZ,20260525,127.814,128.499,117.8,124.929,102685.8,12548.6745,ohlc
123071.SZ,20260525,116.992,117.466,116.22,116.559,27765.2,3236.1465,ohlc
123072.SZ,20260525,123.999,124.135,123.342,123.359,6067.0,750.1745,ohlc
123076.SZ,20260525,138.31,141.135,137.724,139.499,101650.8,14185.4446,ohlc
123080.SZ,20260525,141.76,143.014,139.49,140.3,22740.0,3193.4066,ohlc
123088.SZ,20260525,130.505,131.79,128.51,128.998,21848.0,2826.9632,ohlc
123090.SZ,20260525,113.51,113.668,113.0,113.139,10470.9,1187.1728,ohlc
123091.SZ,20260525,146.838,167.51,146.832,164.83,1545624.1,251638.3381,ohlc
123092.SZ,20260525,132.48,132.545,127.4,128.744,58884.0,7590.5878,ohlc
123104.SZ,20260525,127.677,128.622,126.726,127.039,46367.8,5907.3784,ohlc
123107.SZ,20260525,115.16,115.678,114.9,114.957,140794.9,16228.8241,ohlc
123109.SZ,20260525,139.864,143.744,138.0,139.233,124404.0,17481.9598,ohlc
123112.SZ,20260525,134.95,136.202,132.587,133.899,24218.2,3237.9907,ohlc
123113.SZ,20260525,116.744,117.8,116.685,117.244,21545.0,2524.9203,ohlc
123114.SZ,20260525,133.18,134.5,131.82,132.232,62300.0,8282.0086,ohlc
123117.SZ,20260525,119.001,119.568,118.5,118.741,12399.6,1475.891,ohlc
123118.SZ,20260525,499.383,595.903,499.383,595.903,390408.8,219556.0763,ohlc
123119.SZ,20260525,125.2,126.0,124.328,124.926,42863.2,5350.4264,ohlc
123121.SZ,20260525,215.0,226.0,207.575,216.7,872393.2,191340.5472,ohlc
123122.SZ,20260525,130.16,131.133,129.769,130.703,32238.0,4206.1896,ohlc
123124.SZ,20260525,147.327,153.939,146.808,150.45,169400.0,25519.5408,ohlc
123126.SZ,20260525,185.81,186.5,175.0,177.6,459874.9,83020.5533,ohlc
123131.SZ,20260525,302.802,306.6,287.276,293.0,151727.0,44743.9029,ohlc
123133.SZ,20260525,133.0,134.0,132.316,133.8,27170.6,3619.3494,ohlc
123138.SZ,20260525,136.12,137.799,136.039,136.538,23815.0,3259.7564,ohlc
123142.SZ,20260525,135.291,138.61,133.946,137.714,95852.1,13154.9624,ohlc
123144.SZ,20260525,130.299,132.95,130.299,131.12,87695.8,11545.6545,ohlc
123149.SZ,20260525,136.71,137.568,135.501,136.238,71968.5,9793.5619,ohlc
123150.SZ,20260525,138.097,139.675,137.823,138.611,21213.0,2938.7515,ohlc
123151.SZ,20260525,122.013,122.553,121.638,121.812,11678.5,1425.3081,ohlc
123154.SZ,20260525,126.082,126.9,125.8,125.888,4817.0,608.0052,ohlc
123155.SZ,20260525,142.86,146.628,142.5,144.86,60996.0,8835.869,ohlc
123157.SZ,20260525,127.186,127.311,125.126,126.0,19555.0,2457.0095,ohlc
123158.SZ,20260525,218.2,219.7,208.0,209.842,199003.2,42047.508,ohlc
123160.SZ,20260525,163.382,171.717,159.3,166.385,199478.9,32944.7497,ohlc
123165.SZ,20260525,135.665,144.727,135.188,141.0,407571.3,57592.6491,ohlc
123168.SZ,20260525,132.45,133.244,131.241,131.423,11503.6,1515.5832,ohlc
123171.SZ,20260525,140.99,141.666,139.65,140.136,20843.0,2930.8052,ohlc
123172.SZ,20260525,133.16,134.409,131.821,132.56,38119.0,5068.8673,ohlc
123173.SZ,20260525,135.7,136.2,133.848,134.498,19754.0,2657.7203,ohlc
123175.SZ,20260525,118.72,119.895,118.0,118.219,13755.3,1633.3127,ohlc
123176.SZ,20260525,369.0,407.315,368.491,395.1,427228.3,167976.4794,ohlc
123178.SZ,20260525,136.625,138.109,136.506,136.801,32909.4,4517.1268,ohlc
123179.SZ,20260525,122.98,123.371,122.771,123.11,7553.0,929.5862,ohlc
123180.SZ,20260525,137.059,138.332,136.237,137.014,10871.0,1490.2073,ohlc
123183.SZ,20260525,141.3,142.251,139.419,140.15,46718.6,6556.4279,ohlc
123187.SZ,20260525,253.0,254.0,232.48,235.949,106518.7,25442.9252,ohlc
123188.SZ,20260525,192.35,198.758,188.372,194.496,73382.0,14256.9918,ohlc
123189.SZ,20260525,132.585,134.04,132.25,132.499,24886.0,3311.232,ohlc
123192.SZ,20260525,132.158,133.0,131.068,131.255,12444.2,1639.974,ohlc
123193.SZ,20260525,131.499,133.0,131.218,131.715,12984.9,1711.1627,ohlc
123194.SZ,20260525,133.606,134.7,132.52,133.23,59857.2,7990.7422,ohlc
123195.SZ,20260525,151.698,152.301,149.341,150.496,16334.0,2456.9331,ohlc
123196.SZ,20260525,129.742,130.2,128.812,129.0,10225.5,1322.1362,ohlc
123198.SZ,20260525,138.439,143.388,138.07,139.034,145955.0,20580.0139,ohlc
123199.SZ,20260525,138.85,139.675,137.008,137.788,18708.2,2586.6483,ohlc
123207.SZ,20260525,256.226,282.342,254.501,276.6,652657.6,178539.2055,ohlc
123209.SZ,20260525,194.01,194.836,189.225,190.39,29647.0,5668.7048,ohlc
123211.SZ,20260525,182.5,188.54,178.954,183.888,71642.0,13199.6211,ohlc
123213.SZ,20260525,230.0,240.976,230.0,237.1,115718.0,27347.4659,ohlc
123214.SZ,20260525,134.168,135.049,133.487,134.202,7115.4,955.8978,ohlc
123215.SZ,20260525,139.79,139.79,136.028,137.239,73384.0,10062.52,ohlc
123216.SZ,20260525,137.55,138.58,136.57,137.355,88181.9,12133.2355,ohlc
123220.SZ,20260525,134.739,135.607,134.163,135.223,11324.6,1526.8048,ohlc
123222.SZ,20260525,156.03,157.4,153.8,155.965,63691.0,9922.1673,ohlc
123223.SZ,20260525,137.337,138.098,136.842,137.6,2795.3,384.6941,ohlc
123224.SZ,20260525,145.9,145.901,142.5,142.5,31973.0,4588.8645,ohlc
123225.SZ,20260525,157.311,157.718,151.8,152.817,95194.7,14634.1595,ohlc
123229.SZ,20260525,134.5,134.778,133.205,133.5,7573.0,1012.6548,ohlc
123235.SZ,20260525,201.16,203.615,195.1,197.68,94317.0,18700.2438,ohlc
123236.SZ,20260525,0.0,0.0,0.0,155.265,0.0,0.0,close_only_no_open_quote
123237.SZ,20260525,146.75,148.667,146.302,146.805,24929.5,3677.6509,ohlc
123241.SZ,20260525,1062.999,1105.312,1060.435,1095.0,119894.0,130043.2789,ohlc
123243.SZ,20260525,285.826,308.015,285.826,305.5,365525.2,108582.9558,ohlc
123245.SZ,20260525,401.0,405.936,382.152,385.6,150657.0,59567.3379,ohlc
123247.SZ,20260525,281.799,281.89,250.443,252.888,148107.3,38845.1583,ohlc
123250.SZ,20260525,128.761,128.905,127.813,127.863,5628.4,721.6236,ohlc
123251.SZ,20260525,359.411,374.8,357.3,358.0,164136.0,59960.2862,ohlc
123252.SZ,20260525,153.866,154.919,150.617,151.3,43637.0,6615.0473,ohlc
123253.SZ,20260525,147.0,149.25,141.051,144.0,259895.1,37322.943,ohlc
123255.SZ,20260525,349.882,373.563,340.79,373.563,201958.8,72558.0034,ohlc
123257.SZ,20260525,156.83,160.3,152.609,159.5,82661.3,13039.9056,ohlc
123258.SZ,20260525,245.6,246.6,235.02,237.529,136301.4,32686.474,ohlc
123259.SZ,20260525,208.0,208.989,202.856,207.15,156246.7,32095.1369,ohlc
123260.SZ,20260525,156.5,157.982,154.3,156.1,25331.3,3958.7876,ohlc
123261.SZ,20260525,158.8,159.5,156.881,157.594,14127.9,2237.0301,ohlc
123262.SZ,20260525,147.422,147.516,145.258,145.401,18549.9,2714.0392,ohlc
123263.SZ,20260525,156.716,158.587,154.8,155.417,54551.3,8521.1624,ohlc
123264.SZ,20260525,138.5,139.95,138.45,138.96,12975.8,1805.9806,ohlc
123265.SZ,20260525,151.5,155.478,151.5,154.8,47153.0,7247.9239,ohlc
123266.SZ,20260525,151.95,151.999,148.58,148.93,25311.9,3782.7254,ohlc
123267.SZ,20260525,233.0,236.92,224.837,231.3,214097.3,49640.4222,ohlc
123268.SZ,20260525,195.793,198.848,191.9,198.668,311775.5,61165.3395,ohlc
123269.SZ,20260525,174.875,177.138,172.82,174.8,81357.0,14195.399,ohlc
127017.SZ,20260525,112.888,112.948,112.852,112.882,22210.3,2506.9066,ohlc
127018.SZ,20260525,118.482,118.658,118.438,118.538,128160.5,15192.1533,ohlc
127024.SZ,20260525,171.444,175.788,162.928,167.05,346482.2,58029.4142,ohlc
127025.SZ,20260525,105.135,105.243,105.131,105.154,41351.2,4348.5562,ohlc
127026.SZ,20260525,135.0,137.8,131.11,133.8,382079.9,51013.2341,ohlc
127027.SZ,20260525,117.996,119.75,116.621,117.895,116823.7,13818.1129,ohlc
127030.SZ,20260525,118.878,120.24,117.6,117.758,114446.0,13600.3954,ohlc
127031.SZ,20260525,125.555,126.555,124.449,124.61,29002.6,3632.7246,ohlc
127033.SZ,20260525,0.0,0.0,0.0,89.726,0.0,0.0,close_only_no_open_quote
127034.SZ,20260525,139.0,141.553,136.236,137.938,96374.0,13301.0352,ohlc
127037.SZ,20260525,691.0,695.999,663.671,694.3,64131.6,43543.2116,ohlc
127038.SZ,20260525,135.294,139.483,134.638,138.4,245653.3,33731.5085,ohlc
127040.SZ,20260525,134.0,134.152,132.181,132.48,66561.7,8847.243,ohlc
127041.SZ,20260525,123.0,123.0,119.508,120.0,48589.6,5853.427,ohlc
127044.SZ,20260525,130.21,133.954,126.61,132.076,251827.3,32913.2337,ohlc
127045.SZ,20260525,120.0,121.199,119.5,119.7,200594.9,24140.864,ohlc
127046.SZ,20260525,129.9,131.211,128.6,130.199,67612.1,8802.6981,ohlc
127047.SZ,20260525,171.2,176.218,170.579,171.399,60798.0,10546.9606,ohlc
127049.SZ,20260525,110.505,111.3,110.5,110.538,84802.0,9398.4282,ohlc
127050.SZ,20260525,129.68,130.302,127.0,128.075,55948.4,7178.9716,ohlc
127053.SZ,20260525,222.501,226.973,216.7,222.46,87073.5,19295.1129,ohlc
127054.SZ,20260525,130.599,131.479,129.597,129.795,21252.2,2768.2446,ohlc
127055.SZ,20260525,209.02,213.969,204.408,212.0,107443.0,22555.8393,ohlc
127056.SZ,20260525,125.829,126.4,124.801,125.0,40411.0,5075.8937,ohlc
127059.SZ,20260525,132.574,134.95,132.574,134.6,58593.0,7874.5831,ohlc
127060.SZ,20260525,123.271,123.85,122.511,122.953,10436.0,1286.3633,ohlc
127061.SZ,20260525,100.488,101.344,98.63,98.859,140828.8,14038.436,ohlc
127062.SZ,20260525,129.53,130.23,128.9,129.037,12151.0,1571.8006,ohlc
127064.SZ,20260525,144.9,147.888,144.144,146.338,51220.4,7480.5161,ohlc
127066.SZ,20260525,138.8,139.5,131.033,132.775,263258.0,35283.4151,ohlc
127067.SZ,20260525,159.137,159.887,143.329,144.0,679347.1,100590.7872,ohlc
127068.SZ,20260525,128.243,128.7,127.06,127.2,10417.8,1330.2101,ohlc
127069.SZ,20260525,135.3,135.3,133.92,134.194,13523.0,1816.2331,ohlc
127070.SZ,20260525,490.0,495.0,465.4,469.707,156483.3,74676.1156,ohlc
127072.SZ,20260525,141.1,142.03,139.858,140.71,20071.4,2824.1208,ohlc
127078.SZ,20260525,157.744,159.649,153.807,155.0,43596.2,6795.8215,ohlc
127079.SZ,20260525,223.11,231.077,218.989,223.18,112524.4,25501.3183,ohlc
127080.SZ,20260525,235.0,238.171,224.493,226.2,387074.0,89670.1472,ohlc
127082.SZ,20260525,138.268,141.4,138.031,139.713,80913.2,11332.9494,ohlc
127083.SZ,20260525,122.683,123.299,122.1,122.2,29760.0,3652.6833,ohlc
127084.SZ,20260525,136.386,137.8,136.286,137.235,110307.0,15127.982,ohlc
127085.SZ,20260525,124.351,125.242,124.214,124.6,14684.5,1830.5119,ohlc
127088.SZ,20260525,202.954,206.482,195.892,197.118,45733.2,9146.8308,ohlc
127089.SZ,20260525,122.99,123.062,121.552,121.99,93782.2,11443.5192,ohlc
127090.SZ,20260525,132.998,138.531,132.2,135.501,381879.3,51888.8234,ohlc
127092.SZ,20260525,316.0,328.847,311.55,324.495,92148.9,29704.2129,ohlc
127093.SZ,20260525,135.687,135.7,134.278,134.429,12793.3,1725.2344,ohlc
127095.SZ,20260525,147.288,149.168,146.7,147.135,25799.0,3808.095,ohlc
127096.SZ,20260525,391.131,458.995,378.0,453.517,755269.0,324308.6172,ohlc
127098.SZ,20260525,128.314,130.099,128.001,129.18,33729.5,4357.8898,ohlc
127099.SZ,20260525,136.48,137.291,135.221,135.575,21258.0,2893.912,ohlc
127102.SZ,20260525,126.568,127.029,125.529,125.938,19461.8,2453.995,ohlc
127103.SZ,20260525,176.008,178.584,174.423,175.771,82044.5,14455.7177,ohlc
127104.SZ,20260525,149.4,149.86,147.03,147.46,26357.0,3899.4442,ohlc
127105.SZ,20260525,150.1,161.16,138.5,138.5,2287296.3,349107.8645,ohlc
127108.SZ,20260525,135.752,136.753,134.0,134.53,281516.4,37991.2714,ohlc
127109.SZ,20260525,180.951,182.447,175.8,177.389,51145.4,9115.394,ohlc
127110.SZ,20260525,139.6,139.659,137.625,138.491,278630.8,38571.8576,ohlc
127111.SZ,20260525,133.532,133.85,132.819,133.145,20969.0,2793.9447,ohlc
127112.SZ,20260525,158.299,161.237,157.849,160.588,73421.9,11732.3898,ohlc
127113.SZ,20260525,164.305,170.544,164.305,167.68,93497.1,15733.8969,ohlc
128044.SZ,20260525,0.0,0.0,0.0,71.372,0.0,0.0,close_only_no_open_quote
128108.SZ,20260525,0.0,0.0,0.0,107.629,0.0,0.0,close_only_no_open_quote
128119.SZ,20260525,71.5,74.115,69.88,71.001,355998.7,25508.3486,ohlc
128121.SZ,20260525,119.01,122.111,116.205,117.1,79712.2,9444.2112,ohlc
128124.SZ,20260525,105.69,106.056,105.63,105.649,33079.4,3498.5128,ohlc
128125.SZ,20260525,114.363,114.861,113.63,113.83,30957.4,3529.1603,ohlc
128127.SZ,20260525,113.838,114.269,113.525,114.184,58093.0,6617.536,ohlc
128128.SZ,20260525,116.07,116.689,113.5,113.823,51250.6,5864.4817,ohlc
128129.SZ,20260525,107.65,107.685,107.612,107.625,85237.1,9174.3916,ohlc
128134.SZ,20260525,114.777,116.946,114.776,115.299,43501.0,5042.1899,ohlc
128135.SZ,20260525,114.381,114.464,114.381,114.426,18204.4,2083.2266,ohlc
128136.SZ,20260525,145.181,148.652,143.602,145.914,344515.8,50423.6806,ohlc
128137.SZ,20260525,256.98,261.319,245.0,249.347,657798.8,166575.4537,ohlc
128138.SZ,20260525,130.029,130.409,129.856,130.0,26192.4,3407.2165,ohlc
128142.SZ,20260525,122.74,123.5,122.37,122.668,29742.0,3658.8424,ohlc
132024.SH,20260525,134.197,135.999,134.01,134.858,75003.0,10112.715,ohlc
132026.SH,20260525,132.602,133.977,131.799,132.048,38584.0,5098.4871,ohlc
